> Solar Modulation phi Values (MV) from
> Fits to ACE/CRIS Element Spectra
> /Users/mew/IDL/MW/LEAKY/027/027c/leaky027c132.txt
> Bartels   Start Date  Z =     6        8       12       14       26
  2244      30 Nov 1997      345.     320.     330.     330.     330.
  2245      27 Dec 1997      335.     310.     335.     325.     305.
  2246      23 Jan 1998      330.     310.     325.     315.     305.
  2247      19 Feb 1998      325.     305.     325.     315.     300.
  2248      18 Mar 1998      335.     315.     330.     325.     305.
  2249      14 Apr 1998      405.     390.     415.     415.     385.
  2250      11 May 1998      415.     395.     415.     400.     380.
  2251       7 Jun 1998      420.     400.     425.     400.     410.
  2252       4 Jul 1998      415.     395.     405.     400.     375.
  2253      31 Jul 1998      405.     375.     380.     380.     365.
  2254      27 Aug 1998      395.     375.     395.     385.     350.
  2255      23 Sep 1998      410.     390.     410.     390.     365.
  2256      20 Oct 1998      405.     380.     405.     390.     375.
  2257      16 Nov 1998      425.     410.     430.     415.     405.
  2258      13 Dec 1998      430.     420.     425.     425.     380.
  2259       9 Jan 1999      465.     445.     465.     450.     420.
  2260       5 Feb 1999      465.     440.     455.     455.     435.
  2261       4 Mar 1999      480.     450.     460.     475.     440.
  2262      31 Mar 1999      470.     445.     470.     465.     435.
  2263      27 Apr 1999      480.     460.     480.     465.     445.
  2264      24 May 1999      480.     465.     470.     465.     445.
  2265      20 Jun 1999      485.     465.     470.     470.     440.
  2266      17 Jul 1999      465.     445.     455.     455.     425.
  2267      13 Aug 1999      485.     470.     480.     480.     455.
  2268       9 Sep 1999      525.     505.     520.     535.     525.
  2269       6 Oct 1999      585.     560.     580.     575.     555.
  2270       2 Nov 1999      620.     600.     635.     620.     590.
  2271      29 Nov 1999      655.     635.     665.     660.     625.
  2272      26 Dec 1999      695.     680.     670.     675.     645.
  2273      22 Jan 2000      725.     700.     715.     735.     670.
  2274      18 Feb 2000      770.     745.     775.     760.     725.
  2275      16 Mar 2000      805.     785.     810.     810.     745.
  2276      12 Apr 2000      805.     790.     815.     790.     775.
  2277       9 May 2000      880.     875.     905.     885.     815.
  2278       5 Jun 2000      945.     910.     970.     915.     915.
  2279       2 Jul 2000      945.     930.     920.     925.     895.
  2280      29 Jul 2000     1085.    1030.    1060.    1050.    1015.
  2281      25 Aug 2000     1110.    1045.    1085.    1085.    1035.
  2282      21 Sep 2000     1095.    1060.    1080.    1045.    1020.
  2283      18 Oct 2000     1070.    1070.    1025.    1055.    1005.
  2284      14 Nov 2000     1130.    1115.    1115.    1130.    1040.
  2285      11 Dec 2000     1150.    1125.    1150.    1100.    1050.
  2286       7 Jan 2001     1200.    1130.    1115.    1130.    1080.
  2287       3 Feb 2001     1160.    1120.    1110.    1105.     975.
  2288       2 Mar 2001     1100.    1060.    1045.    1055.     900.
  2289      29 Mar 2001     1170.    1115.    1160.    1135.    1135.
  2290      25 Apr 2001     1085.    1035.    1005.     985.     895.
  2291      22 May 2001     1040.     980.     975.     960.     890.
  2292      18 Jun 2001      990.     945.     915.     920.     845.
  2293      15 Jul 2001      965.     915.     900.     885.     805.
  2294      11 Aug 2001     1000.     945.     940.     885.     885.
  2295       7 Sep 2001      965.     920.     910.     885.     840.
  2296       4 Oct 2001     1045.     985.    1020.     985.     930.
  2297      31 Oct 2001     1010.     965.     975.     935.     910.
  2298      27 Nov 2001      950.     915.     905.     890.     820.
  2299      24 Dec 2001      925.     920.     935.     925.     815.
  2300      20 Jan 2002      955.     900.     895.     880.     845.
  2301      16 Feb 2002      900.     855.     860.     805.     770.
  2302      15 Mar 2002      905.     880.     875.     885.     835.
  2303      11 Apr 2002      930.     880.     900.     870.     795.
  2304       8 May 2002      935.     905.     910.     900.     820.
  2305       4 Jun 2002      910.     875.     890.     855.     780.
  2306       1 Jul 2002      870.     850.     840.     805.     745.
  2307      28 Jul 2002      995.     955.     975.     950.     910.
  2308      24 Aug 2002      955.     910.     915.     885.     850.
  2309      20 Sep 2002      920.     865.     885.     855.     785.
  2310      17 Oct 2002      925.     885.     905.     865.     815.
  2311      13 Nov 2002      920.     895.     880.     875.     805.
  2312      10 Dec 2002      930.     895.     900.     870.     815.
  2313       6 Jan 2003      900.     870.     855.     850.     815.
  2314       2 Feb 2003      890.     845.     855.     850.     805.
  2315       1 Mar 2003      870.     860.     870.     835.     770.
  2316      28 Mar 2003      910.     875.     875.     855.     800.
  2317      24 Apr 2003      920.     890.     900.     880.     815.
  2318      21 May 2003      940.     890.     910.     900.     815.
  2319      17 Jun 2003      950.     920.     910.     925.     845.
  2320      14 Jul 2003      930.     895.     885.     890.     820.
  2321      10 Aug 2003      925.     885.     915.     870.     815.
  2322       6 Sep 2003      925.     875.     870.     885.     790.
  2323       3 Oct 2003      915.     865.     845.     840.     785.
  2324      30 Oct 2003     1035.    1000.    1025.    1015.     960.
  2325      26 Nov 2003     1060.    1030.    1015.    1000.     925.
  2326      23 Dec 2003      990.     940.     940.     925.     825.
  2327      19 Jan 2004      955.     915.     885.     890.     860.
  2328      15 Feb 2004      890.     845.     850.     825.     770.
  2329      13 Mar 2004      840.     800.     790.     775.     710.
  2330       9 Apr 2004      790.     750.     735.     735.     650.
  2331       6 May 2004      760.     725.     725.     705.     645.
  2332       2 Jun 2004      745.     700.     685.     695.     610.
  2333      29 Jun 2004      715.     680.     670.     670.     630.
  2334      26 Jul 2004      725.     675.     695.     680.     620.
  2335      22 Aug 2004      695.     665.     660.     645.     575.
  2336      18 Sep 2004      685.     645.     645.     635.     580.
  2337      15 Oct 2004      655.     610.     615.     600.     550.
  2338      11 Nov 2004      655.     620.     610.     605.     575.
  2339       8 Dec 2004      635.     605.     610.     610.     555.
  2340       4 Jan 2005      685.     645.     675.     675.     615.
  2341      31 Jan 2005      690.     660.     670.     655.     585.
  2342      27 Feb 2005      675.     630.     640.     625.     580.
  2343      26 Mar 2005      660.     625.     625.     605.     580.
  2344      22 Apr 2005      655.     620.     625.     625.     570.
  2345      19 May 2005      650.     620.     625.     605.     570.
  2346      15 Jun 2005      625.     580.     600.     590.     530.
  2347      12 Jul 2005      645.     605.     590.     605.     565.
  2348       8 Aug 2005      670.     625.     620.     605.     580.
  2349       4 Sep 2005      720.     675.     695.     700.     625.
  2350       1 Oct 2005      640.     605.     605.     605.     545.
  2351      28 Oct 2005      595.     555.     565.     550.     505.
  2352      24 Nov 2005      585.     535.     535.     535.     490.
  2353      21 Dec 2005      560.     530.     535.     530.     495.
  2354      17 Jan 2006      545.     505.     520.     500.     475.
  2355      13 Feb 2006      525.     485.     485.     475.     440.
  2356      12 Mar 2006      495.     460.     465.     460.     405.
  2357       8 Apr 2006      485.     450.     460.     445.     415.
  2358       5 May 2006      475.     435.     445.     435.     400.
  2359       1 Jun 2006      460.     430.     425.     425.     390.
  2360      28 Jun 2006      455.     425.     440.     425.     375.
  2361      25 Jul 2006      445.     420.     415.     410.     390.
  2362      21 Aug 2006      460.     425.     430.     425.     375.
  2363      17 Sep 2006      435.     405.     405.     415.     370.
  2364      14 Oct 2006      430.     405.     405.     410.     375.
  2365      10 Nov 2006      425.     395.     400.     405.     365.
  2366       7 Dec 2006      460.     430.     435.     440.     420.
  2367       3 Jan 2007      425.     400.     405.     395.     360.
  2368      30 Jan 2007      425.     400.     405.     395.     340.
  2369      26 Feb 2007      415.     385.     395.     370.     345.
  2370      25 Mar 2007      390.     365.     380.     365.     340.
  2371      21 Apr 2007      385.     355.     375.     355.     320.
  2372      18 May 2007      385.     350.     365.     345.     320.
  2373      14 Jun 2007      375.     345.     355.     340.     300.
  2374      11 Jul 2007      365.     340.     355.     350.     310.
  2375       7 Aug 2007      365.     340.     350.     340.     305.
  2376       3 Sep 2007      360.     335.     345.     335.     300.
  2377      30 Sep 2007      355.     330.     340.     335.     295.
  2378      27 Oct 2007      350.     325.     350.     325.     295.
  2379      23 Nov 2007      355.     330.     345.     330.     290.
  2380      20 Dec 2007      355.     325.     335.     330.     305.
  2381      16 Jan 2008      350.     325.     325.     325.     295.
  2382      12 Feb 2008      350.     330.     345.     330.     295.
  2383      10 Mar 2008      355.     335.     340.     330.     315.
  2384       6 Apr 2008      360.     330.     340.     335.     315.
  2385       3 May 2008      355.     325.     340.     330.     305.
  2386      30 May 2008      350.     325.     340.     345.     310.
  2387      26 Jun 2008      340.     320.     330.     345.     305.
  2388      23 Jul 2008      340.     310.     320.     325.     285.
  2389      19 Aug 2008      320.     300.     315.     310.     285.
  2390      15 Sep 2008      325.     295.     310.     305.     260.
  2391      12 Oct 2008      315.     295.     300.     285.     270.
  2392       8 Nov 2008      305.     290.     305.     295.     245.
  2393       5 Dec 2008      310.     285.     295.     290.     265.
  2394       1 Jan 2009      310.     280.     285.     285.     260.
  2395      28 Jan 2009      290.     265.     280.     270.     250.
  2396      24 Feb 2009      285.     260.     280.     275.     245.
  2397      23 Mar 2009      280.     255.     265.     260.     235.
  2398      19 Apr 2009      270.     250.     270.     260.     225.
  2399      16 May 2009      265.     250.     265.     260.     235.
  2400      12 Jun 2009      270.     250.     260.     255.     230.
  2401       9 Jul 2009      265.     240.     255.     245.     225.
  2402       5 Aug 2009      265.     245.     250.     255.     230.
  2403       1 Sep 2009      260.     245.     265.     250.     230.
  2404      28 Sep 2009      255.     235.     255.     260.     220.
  2405      25 Oct 2009      260.     235.     250.     245.     225.
  2406      21 Nov 2009      255.     235.     245.     235.     215.
  2407      18 Dec 2009      255.     225.     240.     240.     215.
  2408      14 Jan 2010      255.     235.     250.     245.     225.
  2409      10 Feb 2010      270.     245.     270.     260.     245.
  2410       9 Mar 2010      295.     270.     280.     285.     270.
  2411       5 Apr 2010      325.     305.     315.     320.     290.
  2412       2 May 2010      320.     300.     310.     315.     280.
  2413      29 May 2010      325.     305.     325.     315.     280.
  2414      25 Jun 2010      325.     305.     315.     310.     285.
  2415      22 Jul 2010      340.     315.     325.     330.     305.
  2416      18 Aug 2010      335.     310.     330.     320.     310.
  2417      14 Sep 2010      345.     325.     345.     330.     305.
  2418      11 Oct 2010      345.     325.     345.     330.     315.
  2419       7 Nov 2010      355.     335.     355.     335.     310.
  2420       4 Dec 2010      365.     345.     355.     365.     330.
  2421      31 Dec 2010      365.     340.     360.     355.     325.
  2422      27 Jan 2011      365.     345.     355.     335.     330.
  2423      23 Feb 2011      385.     350.     365.     355.     325.
  2424      22 Mar 2011      420.     400.     410.     400.     385.
  2425      18 Apr 2011      430.     410.     425.     420.     395.
  2426      15 May 2011      435.     405.     430.     405.     380.
  2427      11 Jun 2011      480.     450.     475.     460.     440.
  2428       8 Jul 2011      470.     445.     450.     445.     415.
  2429       4 Aug 2011      480.     445.     460.     450.     410.
  2430      31 Aug 2011      465.     440.     440.     430.     410.
  2431      27 Sep 2011      515.     485.     500.     490.     460.
  2432      24 Oct 2011      480.     455.     465.     470.     445.
  2433      20 Nov 2011      470.     445.     455.     445.     415.
  2434      17 Dec 2011      465.     435.     440.     430.     410.
  2435      13 Jan 2012      465.     440.     435.     425.     405.
  2436       9 Feb 2012      480.     455.     470.     470.     440.
  2437       7 Mar 2012      555.     525.     545.     530.     490.
  2438       3 Apr 2012      540.     510.     505.     500.     470.
  2439      30 Apr 2012      510.     480.     505.     490.     450.
  2440      27 May 2012      535.     515.     535.     515.     475.
  2441      23 Jun 2012      545.     515.     535.     525.     490.
  2442      20 Jul 2012      630.     605.     610.     615.     565.
  2443      16 Aug 2012      655.     620.     630.     620.     590.
  2444      12 Sep 2012      625.     595.     580.     590.     545.
  2445       9 Oct 2012      655.     620.     630.     600.     600.
  2446       5 Nov 2012      650.     615.     640.     615.     600.
  2447       2 Dec 2012      655.     620.     630.     610.     575.
  2448      29 Dec 2012      630.     600.     600.     570.     535.
  2449      25 Jan 2013      610.     575.     580.     570.     515.
  2450      21 Feb 2013      605.     575.     565.     565.     520.
  2451      20 Mar 2013      630.     605.     610.     610.     540.
  2452      16 Apr 2013      625.     595.     605.     585.     550.
  2453      13 May 2013      715.     690.     715.     670.     680.
  2454       9 Jun 2013      735.     700.     715.     705.     655.
  2455       6 Jul 2013      735.     705.     710.     710.     680.
  2456       2 Aug 2013      745.     715.     725.     710.     640.
  2457      29 Aug 2013      775.     750.     750.     745.     700.
  2458      25 Sep 2013      785.     750.     735.     720.     695.
  2459      22 Oct 2013      790.     755.     750.     735.     665.
  2460      18 Nov 2013      805.     765.     755.     760.     675.
  2461      15 Dec 2013      820.     785.     775.     755.     690.
  2462      11 Jan 2014      820.     765.     790.     750.     695.
  2463       7 Feb 2014      830.     775.     765.     765.     690.
  2464       6 Mar 2014      840.     795.     785.     760.     705.
  2465       2 Apr 2014      815.     775.     765.     760.     700.
  2466      29 Apr 2014      785.     740.     750.     725.     670.
  2467      26 May 2014      780.     745.     740.     740.     655.
  2468      22 Jun 2014      795.     750.     760.     740.     685.
  2469      19 Jul 2014      765.     730.     710.     680.     640.
  2470      15 Aug 2014      715.     660.     670.     645.     600.
  2471      11 Sep 2014      695.     650.     660.     640.     605.
  2472       8 Oct 2014      670.     635.     640.     615.     570.
  2473       4 Nov 2014      635.     605.     615.     600.     565.
  2474       1 Dec 2014      660.     620.     635.     605.     570.
  2475      28 Dec 2014      675.     640.     645.     640.     590.
  2476      24 Jan 2015      670.     640.     645.     640.     590.
  2477      20 Feb 2015      705.     670.     690.     665.     615.
  2478      19 Mar 2015      755.     715.     750.     720.     665.
  2479      15 Apr 2015      745.     715.     725.     700.     665.
  2480      12 May 2015      705.     660.     660.     660.     590.
  2481       8 Jun 2015      670.     635.     645.     635.     590.
  2482       5 Jul 2015      645.     605.     620.     620.     550.
  2483       1 Aug 2015      625.     590.     600.     565.     540.
  2484      28 Aug 2015      615.     580.     585.     575.     520.
  2485      24 Sep 2015      595.     570.     575.     560.     500.
  2486      21 Oct 2015      595.     560.     570.     550.     505.
  2487      17 Nov 2015      555.     520.     540.     505.     490.
  2488      14 Dec 2015      525.     490.     485.     485.     455.
  2489      10 Jan 2016      495.     465.     470.     465.     415.
  2490       6 Feb 2016      475.     450.     455.     435.     410.
  2491       4 Mar 2016      470.     440.     450.     445.     405.
  2492      31 Mar 2016      465.     440.     450.     430.     400.
  2493      27 Apr 2016      455.     425.     435.     420.     380.
  2494      24 May 2016      435.     410.     405.     405.     360.
  2495      20 Jun 2016      435.     415.     410.     400.     370.
  2496      17 Jul 2016      435.     400.     410.     410.     365.
  2497      13 Aug 2016      425.     390.     400.     390.     355.
  2498       9 Sep 2016      405.     375.     390.     365.     345.
  2499       6 Oct 2016      385.     355.     370.     365.     320.
  2500       2 Nov 2016      365.     335.     345.     335.     295.
  2501      29 Nov 2016      360.     330.     340.     320.     295.
  2502      26 Dec 2016      350.     320.     340.     320.     290.
  2503      22 Jan 2017      340.     310.     325.     300.     280.
  2504      18 Feb 2017      335.     305.     315.     305.     275.
  2505      17 Mar 2017      330.     300.     305.     300.     275.
  2506      13 Apr 2017      330.     295.     315.     310.     275.
  2507      10 May 2017      315.     290.     300.     295.     265.
  2508       6 Jun 2017      310.     280.     300.     290.     260.
  2509       3 Jul 2017      320.     300.     310.     300.     270.
  2510      30 Jul 2017      350.     325.     340.     330.     295.
  2511      26 Aug 2017      350.     330.     340.     335.     315.
  2512      22 Sep 2017      375.     345.     360.     350.     320.
  2513      19 Oct 2017      345.     320.     330.     330.     295.
  2514      15 Nov 2017      315.     290.     305.     300.     265.
  2515      12 Dec 2017      305.     280.     290.     280.     260.
  2516       8 Jan 2018      295.     270.     280.     270.     250.
  2517       4 Feb 2018      285.     265.     280.     265.     230.
  2518       3 Mar 2018      290.     260.     275.     270.     240.
  2519      30 Mar 2018      285.     260.     275.     270.     235.
  2520      26 Apr 2018      285.     255.     270.     270.     235.
  2521      23 May 2018      275.     255.     270.     260.     235.
  2522      19 Jun 2018      275.     250.     275.     260.     255.
  2523      16 Jul 2018      265.     250.     260.     250.     220.
  2524      12 Aug 2018      270.     250.     260.     245.     235.
  2525       8 Sep 2018      270.     245.     260.     255.     235.
  2526       5 Oct 2018      270.     240.     260.     255.     225.
  2527       1 Nov 2018      265.     245.     260.     265.     230.
  2528      28 Nov 2018      265.     235.     255.     240.     230.
  2529      25 Dec 2018      255.     235.     255.     250.     220.
  2530      21 Jan 2019      255.     235.     240.     250.     215.
  2531      17 Feb 2019      255.     225.     240.     235.     220.
  2532      16 Mar 2019      245.     225.     235.     235.     220.
  2533      12 Apr 2019      245.     225.     235.     230.     215.
  2534       9 May 2019      260.     235.     250.     250.     215.
  2535       5 Jun 2019      245.     220.     240.     235.     225.
  2536       2 Jul 2019      245.     225.     225.     240.     205.
  2537      29 Jul 2019      245.     225.     240.     240.     215.
  2538      25 Aug 2019      240.     225.     240.     230.     215.
  2539      21 Sep 2019      240.     220.     230.     235.     205.
  2540      18 Oct 2019      240.     215.     240.     230.     215.
  2541      14 Nov 2019      235.     215.     240.     225.     200.
  2542      11 Dec 2019      235.     215.     235.     230.     210.
  2543       7 Jan 2020      235.     210.     225.     230.     205.
  2544       3 Feb 2020      230.     210.     225.     215.     200.
  2545       1 Mar 2020      225.     205.     220.     220.     190.
  2546      28 Mar 2020      225.     205.     220.     215.     195.
  2547      24 Apr 2020      225.     205.     215.     215.     200.
  2548      21 May 2020      220.     195.     220.     210.     190.
  2549      17 Jun 2020      215.     200.     220.     220.     195.
  2550      14 Jul 2020      220.     205.     220.     210.     200.
  2551      10 Aug 2020      220.     200.     225.     215.     195.
  2552       6 Sep 2020      225.     205.     215.     220.     205.
  2553       3 Oct 2020      230.     205.     230.     220.     200.
  2554      30 Oct 2020      220.     205.     220.     230.     205.
  2555      26 Nov 2020      240.     220.     235.     235.     210.
  2556      23 Dec 2020      235.     220.     245.     225.     210.
  2557      19 Jan 2021      240.     215.     235.     240.     225.
  2558      15 Feb 2021      240.     225.     240.     235.     220.
  2559      14 Mar 2021      240.     220.     240.     230.     215.
  2560      10 Apr 2021      245.     225.     245.     240.     215.
  2561       7 May 2021      235.     220.     240.     230.     205.
  2562       3 Jun 2021      240.     215.     240.     235.     225.
  2563      30 Jun 2021      235.     215.     225.     225.     215.
  2564      27 Jul 2021      240.     220.     240.     230.     205.
  2565      23 Aug 2021      225.     210.     220.     215.     210.
  2566      19 Sep 2021      245.     220.     245.     245.     220.
  2567      16 Oct 2021      260.     245.     270.     270.     230.
  2568      12 Nov 2021      250.     230.     250.     240.     220.
  2569       9 Dec 2021      245.     225.     245.     240.     215.
  2570       5 Jan 2022      250.     230.     250.     240.     230.
  2571       1 Feb 2022      265.     240.     255.     260.     245.
  2572      28 Feb 2022      265.     245.     275.     260.     255.
  2573      27 Mar 2022      290.     275.     285.     280.     255.
  2574      23 Apr 2022      305.     285.     310.     300.     275.
  2575      20 May 2022      340.     315.     340.     330.     320.
  2576      16 Jun 2022      360.     340.     365.     360.     340.
  2577      13 Jul 2022      385.     365.     390.     385.     370.
  2578       9 Aug 2022      420.     395.     420.     415.     405.
  2579       5 Sep 2022      455.     420.     440.     425.     425.
  2580       2 Oct 2022      435.     405.     420.     420.     390.
  2581      29 Oct 2022      425.     405.     415.     410.     385.
  2582      25 Nov 2022      445.     420.     425.     430.     400.
